2147483647C
5724792 720
7543 1
5131 1
5126 1
7532 1
7549 1
5297 1
7698 1
5292 1
5292 1
7692 1
7693 1
7675 1
5290 1
5290 1
7686 1
7717 1
5290 1
5288 1
7686 1
5288 1
7681 1
4486 1
6890 1
5293 1
7685 1
8858 1
8568 1
8887 1
7078 1
7137 1
6934 1
6943 1
9091 1
6939 1
8544 1
6969 1
6938 1
6914 1
7702 1
8319 1
10180 1
8379 1
13368 1
6971 1
6344 1
7381 1
7688 1
5316 1
8401 1
13572 1
8802 1
6970 1
7018 1
13237 1
8356 1
8367 1
13216 1
8741 1
7136 1
7148 1
7065 1
8536 1
6903 1
6987 1
6954 1
9287 1
6955 1
6947 1
6948 1
6926 1
7747 1
7736 1
7739 1
7712 1
6932 1
8378 1
13673 1
6265 1
12252 1
7294 1
7390 1
7435 1
7110 1
8075 1
6991 1
6935 1
7124 1
6969 1
7508 1
7539 1
7171 1
7190 1
7161 1
7166 1
6992 1
6960 1
6951 1
7023 1
7006 1
6912 1
7524 1
7146 1
7112 1
7124 1
6947 1
8338 1
13301 1
8349 1
13209 1
7120 1
6950 1
7153 1
9265 1
7678 1
7240 1
7045 1
7135 1
7008 1
7173 1
6993 1
7109 1
6953 1
6996 1
7110 1
6938 1
7310 1
7171 1
7114 1
7526 1
6965 1
7202 1
7137 1
7228 1
6917 1
6941 1
6921 1
7078 1
7116 1
6950 1
8343 1
13719 1
8354 1
13807 1
8387 1
13750 1
8404 1
13701 1
7064 1
7688 1
8331 1
13746 1
6347 1
7133 1
7146 1
8624 1
6971 1
8632 1
6922 1
7541 1
8297 1
13235 1
8329 1
8368 1
13227 1
8745 1
6921 1
6964 1
7251 1
7663 1
6905 1
7251 1
7063 1
6969 1
6950 1
6975 1
8291 1
14900 1
9750 1
13336 1
8314 1
13368 1
8327 1
9788 1
15191 1
8325 1
13552 1
7037 1
8282 1
6907 1
6339 1
6373 1
6901 1
15120 1
9728 1
7702 1
7262 1
6942 1
6931 1
6866 1
6940 1
10150 1
8352 1
13339 1
6949 1
7322 1
7197 1
6282 1
32014 1
158932 1
113000 1
7093 1
7161 1
6947 1
7732 1
84109 1
7137 1
8331 1
7017 1
79011 1
7145 1
78488 1
89442 1
8690 1
8743 1
8310 1
13402 1
6915 1
6891 1
7066 1
6982 1
7149 1
6918 1
6940 1
7145 1
7028 1
6921 1
7166 1
7162 1
7433 1
7730 1
7115 1
8385 1
8292 1
7064 1
7254 1
6932 1
7766 1
6940 1
8555 1
8136 1
8339 1
7381 1
6976 1
8347 1
13191 1
8347 1
13204 1
7133 1
7150 1
7171 1
8569 1
13804 1
8394 1
7014 1
7097 1
7109 1
8536 1
6968 1
8309 1
7043 1
6942 1
8097 1
8350 1
13402 1
8378 1
13448 1
8765 1
8791 1
7701 1
7711 1
6913 1
15625 1
9781 1
8731 1
8736 1
8330 1
13942 1
7160 1
7116 1
6926 1
6932 1
7101 1
7093 1
7148 1
6911 1
10121 1
8678 1
7197 1
7151 1
6885 1
6939 1
8316 1
13196 1
7007 1
6933 1
7381 1
7018 1
6886 1
7125 1
7306 1
6973 1
6986 1
6942 1
6878 1
6926 1
8225 1
8246 1
9711 1
15128 1
8285 1
13448 1
6852 1
6845 1
6920 1
7704 1
6942 1
8291 1
13622 1
8268 1
13142 1
9729 1
15791 1
15010 1
9719 1
8694 1
8332 1
14159 1
8321 1
13442 1
7481 1
7454 1
8224 1
10087 1
6951 1
15144 1
9731 1
6866 1
6875 1
6836 1
6936 1
9765 1
14862 1
6296 1
6270 1
6983 1
6843 1
4595 1
6864 1
8485 1
9664 1
15162 1
8258 1
13586 1
7050 1
8233 1
9258 1
7087 1
7106 1
6880 1
6856 1
7479 1
7482 1
6955 1
6941 1
6839 1
7043 1
7051 1
7034 1
7037 1
8294 1
13552 1
8276 1
13494 1
6969 1
9680 1
14794 1
8257 1
13089 1
6870 1
6848 1
8241 1
12992 1
8276 1
12932 1
6867 1
7255 1
6862 1
8277 1
14122 1
13726 1
8297 1
6992 1
8289 1
13513 1
7069 1
6828 1
7042 1
6969 1
6991 1
8984 1
6861 1
6885 1
7122 1
6924 1
6913 1
9678 1
14767 1
8621 1
8631 1
8632 1
8249 1
13568 1
6825 1
4472 1
7080 1
9683 1
14857 1
6878 1
8981 1
7030 1
6894 1
7009 1
6862 1
7098 1
6904 1
8205 1
8220 1
6900 1
6969 1
6973 1
9707 1
15052 1
7515 1
6880 1
7586 1
8255 1
13138 1
8245 1
13102 1
6890 1
7888 1
7040 1
7020 1
7718 1
9762 1
15016 1
13529 1
8301 1
6887 1
6864 1
7218 1
6846 1
6878 1
6843 1
6912 1
6927 1
6946 1
6822 1
7025 1
6911 1
7758 1
6950 1
6885 1
9026 1
6884 1
6836 1
6857 1
7672 1
7137 1
7163 1
7638 1
6883 1
8252 1
7062 1
7035 1
7062 1
7044 1
7680 1
6907 1
6871 1
6866 1
8468 1
6873 1
6865 1
7082 1
7002 1
6929 1
7647 1
6963 1
9657 1
14720 1
6934 1
6849 1
6934 1
6945 1
6969 1
7118 1
6879 1
8078 1
6932 1
8077 1
8080 1
7072 1
6936 1
6866 1
6875 1
6856 1
7632 1
6887 1
7044 1
7331 1
8664 1
7923 1
8070 1
7932 1
7924 1
7930 1
8168 1
7911 1
7931 1
8035 1
8130 1
8131 1
8149 1
10681 1
9749 1
9735 1
9770 1
9770 1
9733 1
9734 1
9766 1
8617 1
8238 1
7927 1
8706 1
8646 1
8181 1
9293 1
10356 1
8108 1
8695 1
7913 1
8703 1
7938 1
8105 1
7885 1
7940 1
9543 1
7894 1
7922 1
8017 1
8291 1
7929 1
7997 1
16432 1
10869 1
8101 1
8557 1
8589 1
8104 1
7894 1
8032 1
9346 1
14664 1
10853 1
16046 1
9774 1
8119 1
8711 1
8701 1
8150 1
8155 1
7882 1
9361 1
14671 1
8001 1
7920 1
7932 1
7942 1
7892 1
7897 1
7893 1
7974 1
7931 1
7902 1
8579 1
7942 1
7957 1
8012 1
8048 1
9362 1
14484 1
9757 1
9752 1
7894 1
7934 1
7918 1
8700 1
7984 1
8699 1
8133 1
7944 1
7930 1
7927 1
7886 1
9329 1
8723 1
7908 1
7990 1
8711 1
7930 1
8624 1
8658 1
10318 1
7941 1
7564 1
7884 1
9314 1
7888 1
7912 1
14423 1
9338 1
8066 1
8655 1
11176 1
7908 1
7949 1
11217 1
9737 1
8079 1
8059 1
8544 1
9369 1
14788 1
9334 1
14727 1
7911 1
8460 1
7915 1
10337 1
9773 1
7899 1
8011 1
7901 1
8040 1
7896 1
7895 1
8020 1
7871 1
7913 1
9301 1
9348 1
14320 1
7940 1
7992 1
7941 1
8693 1
9706 1
8045 1
7886 1
